1000373287
1000562613
1003841233
1004752852
1006141982
1006271887
1007897368
1008063751
1008764170
1009289739
1012180314
1012325721
1018233928
1019513810
1019722278
1020716280
1022008837
1026842322
1028314068
1029844494
1031751157
1036920878
1039675357
1040979577
1041930181
1042979476
1045881854
1046301686
1048307267
1048334172
1054094176
1055193220
1057214816
1059834633
1065079569
1065487298
1066955738
1067018991
1068997023
1069874554
1072138708
1072435586
1074207360
1082165315
1082408544
1085263813
1085420663
1086037862
1089013261
1090442552
1090880110
1091142905
1091659339
1091943840
1092443787
1093537794
1094346733
1095740487
1095860196
1097579032
1098628088
1098853095
1099477279
1101377467
1102534017
1104590623
1104640434
1107600806
1107650521
1110858572
1111178811
1111492513
1111987514
1113858956
1117381650
1120968438
1121103081
1122882794
1124588118
1127843337
1132361860
1132902540
1133092940
1134520726
1138770528
1142897522
1143137272
1143211911
1144782862
1145778678
1146035443
1146141250
1146842514
1147874538
1148495070
1151393562
1151718318
1153635803
1154306781
1160857094
1160868037
1161886854
1162025144
1162162456
1164391739
1168775925
1169276813
1171747588
1172185825
1175751145
1178004706
1183083427
1184574567
1184991420
1185153964
1187028767
1189527807
1190858085
1190876118
1193026966
1193611378
1194641150
1196305177
1197523512
1198451515
1198605942
1198888793
1201663391
1205270232
1206837749
1208758843
1211142951
1213803675
1214244621
1214246657
1216024756
1217346387
1218312861
1223041072
1227595875
1228318323
1229170559
1231843342
1231854803
1232394616
1232959933
1234385749
1237811662
1239002718
1239087410
1241254362
1241643405
1243987556
1248135392
1248406984
1251743912
1253971700
1257090444
1257276921
1257491712
1258545942
1260697567
1260923338
1267591422
1269572643
1269766697
1270597910
1277570836
1279659642
1281406969
1285870563
1287924317
1290557221
1294169669
1296595374
1297904607
1302404237
1302781691
1304088099
1306945017
1310733426
1310934089
1316364935
1316618105
1316686170
1318069113
1318445453
1319358686
1321927244
1322047942
1323004959
1323505970
1323730769
1324126132
1327652925
1328068478
1328337616
1330950412
1331356257
1331435520
1331470364
1334389263
1334460140
1334700534
1335808671
1336829646
1340226232
1342798984
1343891137
1348402248
1349353145
1349536525
1349654408
1354369182
1356064620
1357285840
1358318267
1360797364
1361194723
1361374456
1361494327
1361501968
1363636336
1367369230
1368196581
1368826984
1369838058
1370893410
1371242367
1371889701
1375826486
1378897204
1382833010
1386682528
1393992730
1394055117
1397898725
1398972354
1401269910
1403832984
1404791250
1408251722
1408524465
1409534954
1410020437
1411359601
1411368778
1411811433
1412159916
1412560235
1414492901
1414667131
1414763487
1415393101
1419894256
1421170242
1422286745
1424497068
1427923324
1429423631
1431105768
1434543764
1434910217
1435203197
1439005026
1439565542
1440742817
1446619536
1447580281
1448547459
1449744706
1450287296
1451413053
1453159591
1453793232
1454750182
1455336304
1455965334
1461940838
1463568074
1465345794
1469002630
1469108451
1469821103
1471229293
1475002942
1475695045
1476169835
1478136341
1479092493
1480090268
1480827838
1482737401
1483886965
1485050026
1487563219
1487739326
1488469555
1488931959
1494869352
1495952858
1496737016
1497991519
1498139511
1500909774
1501615830
1504707299
1510072991
1511650465
1512739557
1517116220
1518778710
1521402867
1523986560
1524280839
1527066839
1527498482
1528284651
1528733536
1529879656
1529927073
1532152856
1533434190
1534593187
1535156341
1536380931
1536939461
1537488712
1543378557
1545036809
1546039790
1547347646
1547933511
1548588839
1549050678
1549937391
1550076835
1556929785
1557908564
1562620551
1568013924
1569084065
1569758943
1572810401
1574764479
1575358189
1577288193
1581155817
1584725095
1586632251
1588563454
1588985057
1590666524
1591177901
1591781427
1592650862
1592860789
1600944928
1601020096
1601569958
1601981060
1603329894
1603620711
1606198435
1608076816
1608705509
1609624276
1610614606
1611739941
1614819637
1615095711
1616677567
1617929369
1619168599
1620584725
1620702873
1623116707
1623196265
1623287703
1623987549
1627541373
1630484426
1630909160
1633361754
1636178002
1636671562
1638168207
1642360094
1645439599
1645832447
1647114602
1647967186
1652674396
1654790508
1658748467
1659961394
1660708003
1662900098
1664039317
1664348065
1664932585
1666886778
1667496188
1669981803
1670882820
1671685591
1673598648
1676595054
1677514688
1679612189
1679781919
1680518398
1682409418
1684176193
1688253369
1690308651
1695217550
1695569679
1696022402
1697954272
1699172159
1699850876
1703074186
1704082888
1706547731
1710560049
1711357836
1715534017
1718012188
1718833784
1721467049
1721750773
1722873446
1724531281
1725389226
1726278090
1732352909
1733932842
1734888685
1735284615
1737589233
1737651368
1739949635
1740827863
1740883204
1741571378
1746236572
1746863795
1747549936
1749567386
1760425939
1762132718
1763812004
1763955916
1766270040
1767329986
1768672802
1768799551
1770039875
1770278298
1770597106
1774075742
1777714994
1781716717
1783439003
1784419131
1785581118
1785629989
1786419625
1786538051
1789824459
1791510260
1793430421
1794523131
1796809070
1797434168
1798837969
1799010641
1800783244
1806075764
1808072333
1810488789
1812480154
1813017197
1813178012
1813194419
1813574906
1814092848
1816576590
1817567874
1818955673
1822484535
1822671062
1828843087
1829330015
1829775524
1829915012
1831717476
1831826120
1831993591
1833174022
1833458591
1833777044
1834310460
1834401802
1834566935
1834914873
1836319431
1837650526
1838313614
1838827166
1839269498
1844696923
1844735657
1847772002
1847870471
1849545424
1849992027
1850569706
1852623252
1852834274
1852863013
1858092760
1858497050
1859538634
1859946443
1860873935
1861368789
1865481096
1867266544
1867821145
1868055523
1868216701
1868678206
1870828135
1871958974
1875698606
1875734097
1877140055
1877700323
1879516823
1879660506
1880270526
1882818089
1882853310
1884520969
1885800137
1885827040
1885929566
1886537150
1887588844
1888258767
1889229506
1889262412
1890786203
1891776243
1893438274
1893632273
1894034613
1898447439
1900488713
1901850077
1902928871
1903022366
1905595416
1905676401
1908167358
1908884541
1912815415
1914463874
1915064843
1915320902
1917554837
1918174220
1920051631
1920152806
1920482303
1921044921
1922748800
1925995649
1926589442
1928034235
1929794830
1931758105
1932225246
1933826224
1940531508
1945414111
1946298795
1946468776
1947403942
1947813301
1948492186
1950108330
1950307332
1951081141
1951546411
1954176049
1954697749
1958388814
1958417363
1961812805
1962266404
1963962106
1964333662
1966914499
1968230251
1970192782
1971766885
1972139577
1972684450
1972876317
1974377571
1974991187
1976852928
1977693121
1981026123
1981480575
1982052297
1982265363
1983278840
1985140542
1985779854
1987064286
1987368450
1987813712
1988291115
1993386410
1994332578
1996234629
1996485272
1997405791
1998622562
2003652826
2005061485
2005746020
2014799478
2017021206
2017147875
2017336165
2017489514
2017915753
2019899316
2021896928
2022238834
2022569818
2024672694
2025587063
2026370223
2026795869
2030805557
2032233882
2035252391
2039074877
2039563410
2040094226
2041032121
2042581573
2049867129
2050580861
2051243923
2052946307
2053640734
2058052000
2059055744
2060248733
2061978608
2066531999
2067007402
2071043511
2071575833
2071985489
2074212829
2074525723
2075894311
2077841589
2078307465
2080173755
2080662642
2082178257
2084030074
2084740325
2088449725
2089194115
2090600619
2091972437
2092079475
2093529287
2096520686
2096806731
2098195505
2099510231
2101035384
2104666280
2105518763
2109154560
2112167424
2113883640
2115322982
2115782242
2117156593
2119654353
2120402840
2121223442
2121287069
2121518154
2123742044
2123824099
2124968847
2125891881
2126623182
2126711450
2127316916
2127424315
2130854937
2139851809
2141294012
2142458470
2142701249
2143080731
2143476944
2144008318
2145380207
2145536342
2148772848
2149363349
2150001367
2151933679
2152005251
2152205233
2158176117
2158719955
2159477542
2159731847
2164489731
2166066726
2166701540
2167288517
2171085846
2176121136
2176518550
2177824077
2178224382
2179155708
2181073287
2181744225
2184344174
2187764138
2188737830
2189193271
2189374693
2189662287
2191306916
2192026865
2192093182
2192317656
2192975318
2194260576
2195098636
2195423729
2197589689
2208932096
2209164292
2209268973
2213122057
2213793832
2214490323
2216921986
2220311668
2220525814
2221703310
2224729678
2226860346
2227638489
2228990056
2229916090
2230794268
2237676787
2239824579
2242860502
2243540892
2247358445
2250127687
2251190915
2251338917
2251430153
2252608810
2254126100
2254770501
2256069402
2257123347
2257441527
2258134266
2259643460
2260037137
2261210493
2261850941
2264267939
2265459652
2265732440
2266024835
2267419122
2267883420
2270406396
2280328545
2281656284
2285376649
2285477333
2288471815
2288907531
2290865159
2291154574
2292006099
2296267061
2298152180
2299294701
2299610152
2300631804
2302733667
2306001655
2307221837
2311628835
2313730310
2313831054
2316114569
2320453495
2320877637
2322680238
2326069684
2326441634
2327197572
2337995025
2339456197
2343118954
2345214670
2347359957
2351283683
2354734938
2357953252
2361774966
2361969479
2362877875
2363889106
2364688466
2364796178
2365008356
2367024802
2368651643
2373349753
2377903529
2380352588
2380834083
2383325166
2386082669
2388319568
2388645895
2389096974
2389990335
2392328480
2393274701
2394351506
2395836759
2398209539
2399454272
2404605227
2406145312
2406477589
2406500656
2406667876
2407142331
2409395363
2410310022
2412228399
2414150309
2414403006
2414671893
2424163680
2424320164
2427104811
2429107763
2429345195
2434092771
2437772751
2443046417
2446727196
2447998391
2449759714
2450262332
2451940734
2453774616
2454171854
2460116911
2462942246
2463020483
2463343296
2464886928
2466308327
2468722710
2470739083
2470858463
2471218237
2473339761
2476685720
2480911934
2481135600
2482285367
2484258256
2485370135
2486395773
2487836529
2488329997
2488910766
2489523519
2491221808
2494351994
2497604023
2500214824
2502129731
2506157729
2507067172
2508814015
2509613415
2510610572
2511051101
2511737343
2511994902
2512288913
2523293977
2524130153
2532346455
2535874753
2536817996
2538075630
2540701684
2541282738
2542924184
2543578054
2545771327
2546357769
2546929742
2547587393
2548015120
2549069110
2550007597
2552350813
2552806802
2553568068
2554949941
2555430302
2560242254
2563981578
2564034006
2565689299
2567664670
2567907428
2569825229
2570506512
2571683328
2573165099
2573429392
2573825606
2574369654
2575021464
2575426265
2576112494
2576792002
2583662225
2589297969
2591363306
2591960698
2592412941
2592578517
2592918788
2593723971
2594068519
2594838044
2597485814
2597914439
2598042083
2598985776
2599200086
2601326430
2603763586
2604056442
2608612860
2611175248
2611740968
2612881334
2615415462
2615989659
2616379765
2617992735
2621239714
2623415421
2625566797
2625581867
2627145172
2627194945
2627824441
2636241986
2639282096
2643643315
2645401313
2646934286
2648085052
2650499646
2654476778
2654694569
2658873167
2661175792
2661684801
2664802336
2667405925
2669487915
2669606202
2670603400
2671379084
2671532884
2673722217
2676211356
2677963277
2679508467
2686897509
2688825269
2693058001
2695050569
2698812260
2701601956
2707131233
2709958095
2710675214
2713090167
2716226013
2718511594
2718689044
2720189255
2721050424
2722673454
2724708540
2727010507
2732229696
2732351160
2734169993
2735651057
2739095935
2739562962
2741061472
2742010365
2743267751
2743531425
2743971404
2751548482
2751869910
2755942051
2756550373
2758508509
2758741931
2759310335
2760530517
2760830256
2763737133
2768202389
2769484541
2769531332
2770663879
2773744034
2779701032
2781123680
2781152009
2783082231
2787296163
2789020234
2792398178
2793562764
2795574256
2798278893
2798499532
2798592515
2801194064
2803558980
2805726771
2806921859
2808987472
2809162965
2810810169
2811507353
2811591792
2812158172
2813402616
2813753996
2814656293
2815306710
2815964794
2816413615
2817159678
2818844498
2822941813
2823157969
2826225802
2826484512
2827343562
2828423466
2829019472
2830069625
2830560751
2830878555
2830982118
2834531655
2834874364
2834907625
2839543722
2839670199
2840646309
2842959878
2843605004
2843930412
2844446652
2844587972
2846649024
2847044989
2847935287
2849502628
2850448128
2850807179
2853775719
2854083681
2854856349
2855121533
2856760388
2858219056
2858231559
2861851682
2864801106
2866285291
2868122647
2869091902
2870644447
2872960541
2873685304
2875475475
2875733712
2878050269
2878260060
2879847684
2880853782
2883278181
2889108704
2891817006
2892184916
2893454833
2894458063
2895412843
2896490958
2896581323
2897142420
2900953134
2901470656
2902878963
2903549435
2904246993
2905119830
2905506079
2906221235
2906500008
2911608896
2912266902
2915918647
2916672632
2921925167
2922744793
2926396709
2928502036
2931133777
2931772575
2932670922
2933549137
2935863465
2935918027
2938584830
2938942680
2940734734
2940841189
2942093976
2942699892
2942774254
2942902926
2943660887
2944113224
2944268767
2944636301
2945278064
2946194512
2946492311
2948244245
2949166992
2952401552
2953648989
2954287957
2954467995
2957199689
2959928870
2960558125
2963984550
2964304234
2965822352
2966865164
2967056897
2969128874
2969216044
2969514216
2972716064
2974487526
2977663731
2978875933
2979892564
2983486030
2984090618
2987001067
2990138947
2991044088
2991740642
2992036531
2992202062
2993506922
2994053421
2997018067
2998070510
3002195298
3002461294
3006284425
3006556747
3008842111
3010236140
3012459140
3013704969
3014417182
3015316104
3018736597
3023471433
3023592588
3027292527
3027652253
3027754026
3029280442
3034108328
3035078709
3035977907
3037392041
3037985033
3040133708
3041947465
3042445259
3042569404
3044253230
3046795131
3049364072
3049544373
3049698356
3050692172
3051977472
3052182712
3052495052
3052816391
3053289218
3054219424
3054439852
3054459260
3058989500
3062887571
3063767443
3066212300
3068742873
3071173423
3075006862
3075183766
3075847734
3076275535
3078329700
3079604088
3081943619
3084666696
3084818255
3087427909
3087786470
3088220641
3089605826
3091605150
3094912811
3095801366
3095846432
3096130879
3097234562
3100205788
3100917449
3101725531
3102818453
3103261309
3103368273
3105716694
3107280948
3108431883
3110788067
3114042116
3114835052
3116877381
3116919924
3117136577
3117538296
3119132681
3119449850
3121576347
3122019600
3122537436
3125678188
3128245478
3128994227
3130103117
3130586406
3130596201
3132326965
3132825812
3136131257
3139843636
3145279200
3149896795
3155617627
3156035735
3156195051
3156278748
3156805638
3157334911
3158053602
3160149638
3160759928
3161687294
3162128150
3162612512
3163858012
3165131223
3168158379
3168261181
3170026550
3171037400
3171537391
3172510158
3174316711
3175520374
3176944641
3178811344
3180016628
3180425927
3180679203
3182440090
3183476771
3184574895
3185839234
3186222759
3186886290
3187000644
3188191412
3189477763
3193695244
3194600215
3194886775
3195460743
3199377642
3200050718
3200720529
3201312567
3204791706
3207039660
3207287480
3210692316
3211355220
3215190960
3215967501
3219493711
3223980271
3231914291
3233348665
3234784743
3235814723
3236552417
3237488170
3237774633
3240220973
3240385469
3241771628
3246237081
3248048204
3249818060
3251302704
3251343964
3252641907
3252647085
3255196818
3256889889
3260305783
3260350419
3262685522
3264038407
3265405735
3267097372
3271374129
3272840676
3273883317
3274239883
3275137262
3275571703
3278546379
3279350155
3280197870
3280555042
3282439936
3287191370
3288712038
3289813696
3290086959
3295200438
3297613649
3297946878
3299531815
3301562473
3302569261
3303646448
3306657478
3306914403
3309303991
3309592725
3310195091
3310279286
3311144288
3315331421
3318116672
3319991031
3320293235
3321552499
3326136053
3328034829
3331100437
3331759295
3333055264
3335006198
3335546954
3336259983
3339327185
3339525247
3341392558
3342328308
3342907266
3343543781
3345655775
3347133095
3347948084
3350519738
3350580104
3352920909
3354012536
3354016777
3354444654
3354700724
3356168472
3360298142
3362598607
3368431301
3369038929
3370820456
3373677607
3374231553
3377529689
3379341528
3379563406
3381626783
3382068000
3390879631
3395338799
3395367379
3396109700
3398900422
3399750022
3400236921
3401044237
3403752338
3403827648
3403867600
3403905459
3405248493
3406991053
3408141570
3409984958
3417148753
3421839532
3422194348
3424480764
3424599848
3424739759
3424872195
3430636032
3431303352
3435266768
3437428575
3441436047
3449880101
3453509310
3456960627
3457473572
3459022615
3462310686
3465650493
3465767847
3467466421
3472376637
3473772793
3476544691
3477738312
3479027105
3481891022
3482787330
3482997702
3483742755
3484249423
3484868333
3487297697
3487755295
3487811272
3489208957
3489676949
3491157523
3494206125
3502452919
3503350861
3503380844
3503994044
3504000679
3504416391
3504785889
3511322507
3511480887
3515256016
3515586094
3517714060
3519717873
3522008260
3525542635
3526323008
3526628445
3526919441
3527965737
3532874358
3533882489
3536348682
3537613102
3538938357
3539514424
3542317397
3542983745
3543040000
3546371147
3548313197
3548398656
3550376152
3551407427
3551882556
3556308701
3556800988
3558154167
3560057322
3560469690
3562877845
3562886824
3564784303
3566229267
3566811568
3567130495
3568269640
3570807032
3570917311
3572795953
3574738582
3576741431
3578727090
3580027535
3580066111
3580262322
3581907527
3582899134
3583595076
3584765294
3585363933
3585653348
3587234741
3588655296
3590112895
3591172857
3594948567
3595779334
3595920988
3597056160
3597422926
3601727078
3601970711
3602305918
3603697712
3605390990
3607502430
3611387759
3612587082
3613101117
3614837554
3615076546
3616314323
3616856731
3618124807
3620478158
3621185179
3625622122
3626005947
3626868097
3627900536
3628961708
3629674323
3631273364
3638697922
3638916364
3639381533
3640415071
3646872300
3646943498
3647876582
3648598156
3651348807
3651586204
3652939097
3654831392
3655040051
3658341735
3658837197
3659927214
3662963805
3664583925
3665986620
3667556147
3670319441
3671536959
3671723262
3671935977
3672362816
3672556059
3672564882
3672783295
3674343727
3675119538
3675722627
3675869572
3675944723
3676033641
3678018511
3678791668
3679398930
3683053735
3685122808
3686475328
3687826244
3687881306
3689351552
3690662479
3695037190
3695906115
3696098683
3696559865
3697210702
3698431862
3701401288
3701931957
3703325784
3703369880
3705905143
3707705366
3708274543
3711414017
3712306391
3712778033
3714911596
3715905010
3721255798
3724150272
3727814685
3729747927
3729827028
3730862570
3731673467
3733583325
3734122211
3735856367
3735959821
3738915138
3740456309
3743858994
3743942944
3744932234
3747914353
3748571804
3748837462
3749562357
3750023257
3750825325
3755712033
3756087853
3756480184
3756500173
3759388855
3759888808
3760765037
3761270005
3761573841
3762143991
3766163367
3767395565
3768220422
3768894119
3768934569
3770730660
3771375186
3778699471
3780842798
3785727390
3788201418
3789345907
3790189630
3790338869
3791082380
3791310054
3792482934
3795360356
3800555644
3801140207
3801580419
3802665711
3807840891
3808505202
3809190175
3811648734
3813215642
3816845015
3818688876
3818765382
3819186750
3819386815
3820614443
3822851360
3823102688
3825293391
3826077408
3826152869
3826154295
3827651407
3829858978
3830388539
3831045033
3833968380
3834488613
3835001029
3835917426
3837682842
3841677164
3845218776
3846367732
3847669086
3848455514
3849328072
3850564864
3852633941
3852883758
3853904193
3856704548
3858771220
3861200012
3863612960
3867530346
3868483684
3868839151
3872197667
3873028232
3875732595
3875828481
3876427275
3877207662
3879147217
3879450193
3880470583
3883779308
3884223793
3885681937
3887687877
3888623428
3889224579
3889977331
3890649283
3891061124
3892822692
3893968347
3895207688
3897682709
3898470854
3898753019
3901154235
3903795787
3907218169
3907885202
3911379336
3911741753
3912240532
3912317224
3912597700
3912769700
3913031325
3913908351
3918288656
3918360666
3919234759
3921840734
3921986181
3922060387
3923664555
3925323449
3925658571
3926760138
3927059070
3930153694
3930634838
3934693912
3935214280
3936243345
3938893670
3942280644
3946117108
3949213174
3951682207
3951728089
3951790400
3952406283
3953804978
3955881078
3960769969
3961003006
3962032930
3967593931
3967830846
3969352978
3969379388
3970331468
3974701284
3976680221
3981725627
3983801875
3986432166
3987016556
3987080728
3987671104
3990460245
3993562267
3994783035
3995127052
3998016429
3999698887
4000792441
4000868669
4001093880
4001502424
4001973215
4002296344
4013759621
4015055480
4017207212
4018928646
4019047494
4019900362
4024364543
4024816331
4032173847
4036134434
4038160232
4038624216
4039663880
4040928606
4044370593
4046170278
4047314634
4049159942
4050779295
4053333529
4055437151
4058420188
4058589992
4065438544
4067873053
4070934929
4077266910
4077429595
4083595177
4083679157
4084050747
4084274173
4089150303
4090134013
4091925611
4092524028
4095244453
4097548859
4097963339
4098381245
4103299469
4104149296
4104235470
4104275474
4104849986
4107161083
4108060912
4108140225
4109551391
4112027880
4113631811
4115022601
4115108128
4118422396
4119140380
4120662788
4120874907
4122110742
4124103085
4125050556
4125111032
4127042819
4127846406
4130878527
4130894324
4133226110
4133612129
4135684474
4138802953
4142089205
4142256117
4143070947
4143776517
4148836721
4152072334
4154363904
4155473571
4155925030
4156152658
4156311466
4156657245
4157012469
4157311888
4159484293
4162536312
4163586197
4164018243
4165775585
4167114542
4168991133
4173647926
4174408911
4174748177
4174872950
4175375032
4175835894
4177905262
4178766831
4179343375
4182288281
4183023028
4186939135
4189134640
4190236678
4194164758
4194785074
4195851373
4196992987
4200373261
4204896439
4205624386
4208791281
4214847772
4215242147
4215260714
4215273198
4216851966
4217933129
4221578890
4224825159
4225759156
4225988289
4227197957
4227557202
4227698173
4228600547
4228946037
4229242134
4230501863
4233191820
4239540784
4239570581
4240758786
4244665870
4245581619
4246681681
4251306105
4252515713
4253238310
4254023471
4255045873
4256591439
4257263298
4259767784
4260019765
4263535783
4267878716
4268394094
4269271283
4269427933
4274561825
4274919877
4277118148
4277525527
4277618956
4278032216
4280150615
4281464138
4282184942
4287390966
4288310890
4289751498
4290159804
4290580970
4292334881
4292678557
4293364497
4293489618
4297403421
4299155440
4299172375
4299480619
4300457094
4303742577
4308964775
4310571065
4310947676
4312114706
4313550266
4318212073
4318459419
4322492174
4322804240
4325403206
4329203336
4331978928
4332444010
4334202897
4334264825
4334571605
4335152943
4335172206
4336554290
4337097194
4338237789
4339356699
4340164242
4343979605
4347407116
4349156215
4351048790
4353604379
4353969560
4356025894
4357239223
4357506149
4359555031
4359994523
4360375274
4361625159
4362003600
4368097378
4368336405
4372255360
4375583939
4376876887
4380830782
4381804207
4382085082
4390768796
4391344576
4394368702
4394539903
4394636485
4399373282
4401352930
4408352260
4408828233
4411761405
4412403281
4415189571
4415630942
4416525646
4418712572
4424768780
4432593269
4434118272
4435046830
4435437783
4435902548
4436389391
4437734005
4440373469
4441612804
4442987750
4445623132
4447411495
4448823614
4452450824
4453204522
4455581116
4457064713
4457767507
4460382056
4465490490
4466267914
4466817378
4468051067
4468897057
4470411370
4472190001
4474884214
4478597021
4481042953
4481692596
4483716603
4484643398
4484945879
4489570408
4489731850
4490706647
4494297929
4494674293
4495237944
4495354537
4495658183
4497256148
4497998878
4499319793
4505143220
4506818751
4507658862
4509457675
4510493122
4510819038
4513274264
4513588815
4515442784
4515737652
4516186202
4516305469
4517111136
4521443533
4526524202
4528808458
4528959155
4529424601
4529635754
4535301258
4536372387
4540997957
4543546011
4546048829
4546071002
4547948618
4549124885
4550775339
4552299545
4553014485
4554466598
4555892361
4557774121
4558982640
4559032005
4560014040
4563111697
4563881180
4566846713
4567219121
4569485832
4570789673
4574415145
4574840820
4575127057
4575891292
4577176289
4577686827
4582199793
4582477435
4583072829
4585150088
4588484569
4589826506
4592918183
4594272564
4594811867
4597447161
4599007253
4599267449
4601777223
4603020981
4604798618
4607058242
4607575516
4614042608
4616737109
4619661168
4621206529
4621286504
4626082259
4627419664
4627432164
4627881325
4627942671
4629827180
4632237847
4632352089
4632489051
4634469539
4636973092
4637526044
4638287610
4638318043
4639080740
4641345583
4642327475
4643416741
4644474407
4647756879
4649447056
4654240903
4656318335
4658006943
4661615137
4662432961
4663054722
4664865611
4665020769
4669130332
4670941062
4674953432
4675871037
4676202411
4676349748
4676398000
4679203000
4681408098
4681458654
4682017378
4683345572
4684686656
4685217639
4688869113
4689442504
4692154317
4692443674
4692522428
4695494961
4695835312
4696910290
4697529910
4698143065
4698354935
4699969604
4700347093
4703054976
4708842261
4710920028
4711700162
4712145807
4713325906
4715429136
4717794686
4718124235
4719054139
4719374370
4724436826
4725003658
4727617719
4730964134
4731854219
4732423598
4732869410
4734138504
4738342477
4739459308
4740692599
4740919172
4741464058
4742051263
4743078117
4744523159
4746318823
4747139421
4750447351
4756206052
4756461838
4758156668
4760084354
4761870499
4762453651
4763809621
4763873918
4763998235
4764788451
4766190961
4768567363
4771336542
4775223418
4776792385
4777042216
4780476386
4781923457
4781925999
4785666368
4787576548
4788640153
4790902314
4791118877
4791537928
4793787221
4794360841
4799754245
4800067567
4804216058
4805291552
4807978581
4808051253
4809151157
4813713279
4814448601
4815992445
4816060895
4816244259
4816599858
4818381567
4819540689
4819719601
4820644434
4825146728
4826471436
4826977194
4828691441
4830599961
4831066393
4833183647
4833253560
4835871627
4835999274
4838264413
4840144453
4840389831
4844330283
4845286653
4845573624
4846599978
4846980669
4847526712
4851990089
4852817197
4854516431
4855725561
4858496843
4859880196
4860655266
4861430250
4861981119
4863599425
4863896667
4864352321
4864497813
4865439492
4867044388
4872099780
4873612310
4874865029
4877894105
4879205519
4879238856
4882738903
4883660886
4885481078
4887378497
4888035609
4888425438
4891950665
4892675474
4894677237
4897168880
4898160100
4901882790
4905912408
4908566602
4913021329
4913686264
4913947999
4916410675
4916602562
4917321019
4918356997
4919293660
4919595377
4922370885
4923592340
4923987807
4926364509
4928362232
4931489470
4932339163
4932804757
4933835389
4939404794
4940795286
4942432610
4942443914
4942670425
4943686904
4944216052
4944875169
4944923061
4950888458
4951478148
4953940231
4954353489
4956533514
4963565168
4964044510
4966488364
4967940513
4971997978
4973428242
4974821995
4975797579
4977080953
4979334159
4979490909
4979940356
4981540420
4982317204
4982720293
4984329530
4985226233
4985311413
4985562789
4986462251
4987607162
4988487118
4992763267
4995605293
4997993478
5005126308
5005496969
5006315562
5010790035
5012769825
5012902499
5013577388
5015611570
5017486804
5020209957
5020716722
5025925641
5026136132
5027849116
5030971393
5032311844
5032323695
5033943472
5035975067
5038193149
5041598924
5042187301
5042648183
5044210109
5045254260
5047786684
5052801040
5056092515
5057271464
5058081169
5059415553
5061449878
5061551770
5062196208
5062619699
5066673377
5067041830
5069827319
5070491042
5071805645
5074957495
5076073535
5078859167
5080413765
5082116249
5083511830
5086040590
5086492785
5089472112
5089804186
5090663813
5091861276
5092669426
5098325213
5098703302
5100548240
5101016983
5103335983
5103547857
5104300082
5105857613
5106018496
5110068817
5112850118
5113581452
5117679456
5118058041
5118686389
5119888764
5122141215
5122323870
5128166328
5129013712
5129818741
5131651205
5133266861
5135316307
5137412000
5138483777
5139565044
5141638043
5142384335
5143654780
5143930508
5144625371
5145899049
5147939581
5148125891
5149449552
5150143805
5151496357
5151919522
5152371980
5152375701
5155095829
5156075795
5157598264
5158970030
5159544259
5159801125
5160822823
5163174582
5165110234
5165266997
5169416992
5170201096
5171311504
5171889802
5172028026
5172882475
5172992251
5173086235
5173278649
5174071607
5176199964
5178274514
5178870572
5183308796
5186373501
5190074723
5190720541
5191172569
5192945011
5193410186
5196032680
5197460266
5200708777
5204091369
5205709323
5205728822
5207726666
5208227800
5209222514
5211458556
5213871906
5215876574
5220590087
5222933961
5223993259
5225257287
5227023934
5228564858
5229905776
5231211159
5231469742
5231917783
5231978784
5232503963
5233595489
5235037820
5235104643
5240965518
5243673182
5243925409
5244583387
5245227082
5248124324
5255428717
5258369768
5259875549
5260130043
5264183717
5264207677
5265677971
5266059530
5267349857
5268660016
5269988044
5275857714
5276691983
5276997881
5279581245
5281472340
5281844836
5286210891
5289148784
5291691514
5291798437
5294812780
5295147947
5296529500
5296759540
5297211496
5301558627
5301838813
5302317955
5305005639
5306406106
5307592520
5312111010
5316093204
5316975543
5318610512
5319422790
5320225493
5321213665
5325609714
5326196960
5326803828
5327273785
5328065654
5328994965
5334667990
5336420285
5336759674
5338924990
5340147880
5340908949
5341827789
5341990723
5342079127
5345252860
5347750384
5348095036
5348972915
5349216912
5351182930
5351886278
5352831390
5353119183
5356549563
5356644358
5362315595
5362901223
5362968185
5365246562
5368361175
5370158381
5371621722
5372372914
5372389836
5373971214
5374826177
5375938381
5375988634
5376585014
5380437145
5382643080
5382709792
5382901666
5385332240
5386820320
5388247491
5389430156
5393258637
5394370201
5397686910
5399291927
5400313178
5400368409
5402081657
5403328474
5410543602
5411800421
5412279329
5418108772
5419889586
5420509032
5421118154
5422577532
5427910582
5428603071
5431543235
5432264681
5432415483
5433429712
5434213804
5434720126
5435639575
5437119237
5437627877
5439269040
5441200278
5441950228
5443523932
5447809388
5448387166
5449236964
5450378413
5454960931
5457327617
5458131088
5459674879
5460775902
5461605009
5461901870
5462392125
5462973900
5464181612
5465826313
5466006042
5468702850
5468883711
5473737407
5474192899
5477393709
5478478142
5480526985
5480870060
5485134028
5485667277
5486447426
5486581804
5487007574
5492217351
5492391245
5493414344
5495857137
5496158803
5496562110
5500238084
5500825226
5507704517
5507714704
5507938424
5508726459
5509109686
5511343330
5514148301
5515084460
5517668326
5518114176
5518475869
5519227463
5521393381
5523429235
5526011272
5526493949
5527343822
5528017494
5529795545
5531020015
5535261072
5536347353
5537424770
5543284509
5544097982
5544646545
5545288703
5545459140
5548060772
5548463387
5548502797
5549936668
5550921405
5550943012
5552242894
5554968989
5562690666
5573059779
5577249432
5578608794
5582557735
5584945925
5585103842
5586367239
5587730322
5590479816
5591158561
5591857460
5592295982
5598043748
5598177564
5598532342
5598634168
5598824492
5599378558
5600860310
5601296742
5601380995
5602959738
5603242825
5605152591
5607076176
5607190596
5607566430
5610342377
5611445154
5613880339
5617087300
5617919864
5618749016
5624034375
5624868730
5625027304
5628036573
5631039392
5631391534
5632464464
5638406321
5640309855
5640666859
5641736001
5641999664
5643552585
5643771409
5644764535
5645934791
5646644583
5646851055
5647003168
5647960523
5654268814
5655356815
5662127875
5662904384
5663371822
5665721651
5666989197
5667263771
5670102384
5672483874
5672790644
5672859458
5675646756
5675980225
5679527124
5680675617
5681956460
5683966267
5687293029
5688609780
5689695033
5691820437
5692809531
5694407804
5697071108
5699981075
5701470388
5701936030
5703097145
5703238458
5703940113
5703962036
5703985687
5707055348
5709411559
5709843406
5709848722
5710896820
5714529915
5717613900
5718816970
5721134777
5724698672
5725582010
5726299949
5726397770
5727685778
5729312776
5729879425
5730103782
5730802435
5732452899
5733652085
5739645241
5739789192
5742033758
5743856859
5743868151
5745712943
5746031028
5747049090
5752619998
5752755080
5752981903
5754283278
5755574058
5757442383
5761411343
5763529372
5763835393
5764996368
5767248905
5769704745
5770467044
5777434676
5780468836
5781106945
5781722122
5786435465
5786516875
5787516638
5791365933
5798649730
5798837956
5799721961
5800248684
5800403384
5802892737
5804040643
5804692412
5805761311
5809138858
5810344427
5810379886
5810678433
5814694360
5816491821
5817989777
5818164267
5821759866
5822407573
5822504314
5822926836
5823175398
5823343580
5823920077
5824750632
5825156615
5828274179
5831255110
5832569424
5832843490
5836073030
5836329333
5838797746
5839848964
5840998895
5841383927
5845113231
5845128292
5845805143
5846409853
5846677462
5846691445
5847003813
5847233102
5847579183
5850095137
5850103227
5850307287
5857042200
5857651147
5859355816
5862723660
5864595818
5867075226
5867873429
5869774179
5869809102
5870101152
5870439575
5870788685
5872908228
5876375692
5876386283
5885795645
5899406515
5900350716
5902753654
5910569843
5911203410
5911585852
5915586646
5916455864
5917343353
5920213423
5922282724
5922734633
5923341474
5924925947
5926596979
5930053944
5930671786
5933617459
5934041654
5935222148
5936292207
5939289896
5941162838
5941401072
5942676156
5945366321
5945810880
5948646804
5948891806
5949457184
5954203629
5954610312
5954776675
5957690905
5961370933
5962750777
5965774745
5965846324
5965897562
5967404288
5969305246
5970264861
5972560174
5973982335
5975043028
5975299420
5979832428
5979936763
5985679743
5988828753
5991199217
5991801713
5999660513
6002923179
6004259538
6006631992
6007694100
6010436386
6011828040
6012659543
6013729058
6014376022
6014538275
6017115731
6018400812
6019550495
6020125790
6020971590
6022741772
6023285818
6023337568
6023550123
6026902904
6029525738
6029968427
6031114590
6031829511
6032284578
6032846577
6034508999
6035270811
6038341001
6041630675
6043562568
6044493403
6045986292
6047202661
6047707834
6047718865
6049839716
6052657014
6053146483
6056165642
6057189067
6061204100
6061754836
6061866639
6063221383
6065987377
6066065528
6067557243
6068143472
6068571165
6069169373
6071247082
6073471451
6073541510
6073884850
6075853117
6077114786
6077397728
6078032067
6080533648
6080773900
6080842412
6082983749
6085036930
6090981279
6091012492
6103035668
6103588455
6104012412
6108676474
6108975427
6109887282
6112788619
6114188904
6115276245
6116591202
6116706777
6118283432
6127936930
6131610527
6134965220
6135489137
6136805326
6137922816
6138647069
6138947834
6140900960
6141718542
6143646008
6148535003
6149357050
6150104716
6150214616
6151136450
6157454934
6157462614
6158143595
6158385128
6159704009
6159858717
6161297600
6161480298
6162243276
6163060083
6165308376
6166268847
6166920354
6171589405
6173163705
6178421322
6180295799
6181701643
6184209818
6184316152
6184548446
6184997770
6187046383
6188144695
6188434651
6188656366
6190098839
6190520687
6192267958
6193270194
6197313200
6197324940
6200391133
6201930540
6202355532
6202871735
6205054687
6209477557
6210932708
6212194697
6214827126
6217611118
6219684950
6221918832
6226549736
6231241461
6233563225
6235812978
6235842605
6236042561
6236855863
6237071154
6242745079
6246026474
6246145707
6246388081
6251700971
6252792971
6253356375
6253464304
6254029071
6254656385
6255918771
6257239137
6258435111
6262250001
6262348655
6263410940
6265354382
6266027470
6266435809
6267519491
6268466783
6269502213
6270633460
6272234997
6274971428
6275401393
6275770332
6280490102
6281839895
6282401424
6285286454
6286728939
6289244939
6297514031
6298089329
6298387700
6299237171
6299991069
6301072457
6301179209
6303604310
6303969677
6303994710
6304117678
6304914753
6307051871
6309378547
6314662564
6314926549
6315766276
6316125908
6316382431
6318122609
6319399197
6321290546
6321343764
6321566748
6325040824
6325053350
6327942730
6328292067
6330267931
6331881797
6333121953
6333933727
6334489372
6337246843
6338033070
6340332663
6342505543
6343307389
6343398694
6343589517
6344378124
6349848957
6354569657
6358299216
6363305784
6364846186
6365537946
6366159472
6369150946
6369998669
6370816359
6371058871
6379429231
6380247641
6380264325
6385874736
6387474735
6392279624
6392474203
6392724473
6394996625
6397515780
6401085508
6401353360
6404406693
6405562376
6407458613
6407762858
6408955867
6410423731
6410531251
6410591235
6414429515
6415499472
6417108894
6417289115
6417753339
6418397408
6422163716
6424101692
6425307052
6425926974
6428851783
6429443627
6433004574
6438420742
6439778527
6440773291
6442344570
6442467360
6444011631
6447794957
6450020330
6454086933
6455764319
6456143473
6459653087
6465774501
6465932553
6468830419
6476811193
6477132684
6480809167
6481579031
6483809412
6483855795
6485228807
6485474529
6486771842
6492537652
6499063683
6500900878
6503463147
6505896935
6505957167
6506712342
6507708949
6508908658
6510279038
6513514941
6514380278
6515281370
6518033170
6519146873
6523328953
6524131673
6524283571
6525275080
6525313774
6530145324
6531946003
6533733908
6534590888
6535079128
6535622169
6536101131
6536684163
6537271997
6537869682
6537955663
6544167210
6547254079
6547626312
6555130816
6556658334
6559506540
6562409791
6563476015
6566258081
6567519541
6568973351
6570231929
6570535087
6573170706
6575178895
6576699168
6577457934
6578719194
6578790467
6578811836
6580961136
6582065334
6583097802
6586127862
6586567810
6588362058
6589155116
6591543627
6591978996
6595862980
6598241414
6598514652
6598654523
6603475794
6603539512
6604428783
6604655083
6609369185
6610375951
6611349465
6612114471
6612728954
6614161821
6615904644
6616532824
6617000564
6619073933
6623241293
6624203054
6624970388
6626461526
6627936886
6628514045
6629713476
6633202802
6633508122
6635368233
6639352523
6640368890
6640370735
6642058643
6643425804
6643460757
6648601898
6650411539
6650435703
6651548411
6653563510
6655125193
6655283266
6658338347
6662224974
6662755318
6663109601
6664983238
6665349432
6665686603
6667140230
6667577133
6668013980
6668904646
6669914831
6672690758
6673929061
6675860444
6676457375
6681112861
6683468779
6685139469
6685359466
6686042470
6686851192
6688972039
6689195326
6689532761
6691743446
6694053821
6699946112
6700490928
6706499519
6706838365
6712074841
6715223236
6715674835
6717886815
6719118321
6720488284
6723227256
6727567551
6728630933
6730793676
6731703727
6732614676
6735496378
6736087292
6737081580
6740190482
6740792625
6741148984
6744434061
6744683040
6748030191
6748708467
6750739437
6755911498
6756560780
6758626543
6763459060
6767073252
6767423387
6770513605
6771328878
6771392219
6775376723
6776806731
6782332083
6782637359
6782793164
6784301493
6784905475
6789163225
6789931193
6791256896
6791666004
6792259718
6793093870
6793217992
6797123616
6797357494
6798442153
6798870305
6799490831
6801801194
6803253796
6805791002
6809852247
6811767332
6817554788
6823840484
6825611645
6831229876
6836341329
6836579338
6837602161
6837753466
6838928855
6839475783
6840440122
6841020621
6842240595
6845458275
6846860245
6848312619
6848656540
6851904271
6852171711
6852223062
6853478567
6858449657
6861494177
6862348998
6862584101
6863281700
6863876635
6864188221
6866116962
6868935501
6873114911
6874011774
6874885929
6877578577
6877764329
6878272376
6880835969
6881179554
6882166273
6883221715
6883456866
6885713879
6886989629
6888122013
6888306220
6889758448
6895018581
6895326329
6895419998
6897411124
6897678330
6899885006
6901698060
6902874649
6904908535
6907134232
6910764344
6913003831
6915386953
6916228062
6922860090
6923094387
6924552280
6930138409
6930687783
6933482013
6934835923
6935441047
6937646567
6938523145
6939601475
6941307894
6941398900
6945087751
6947122352
6948957469
6951191895
6951749160
6957356788
6957692095
6958540276
6960531664
6963579919
6963626014
6966881812
6968435871
6968895320
6971579722
6972602190
6973020348
6973249587
6975604074
6978439417
6981516105
6982076185
6984001615
6984625703
6985890228
6988070900
6991945733
6992458260
6997875086
7001742985
7002811274
7005933116
7007563820
7007861433
7009834941
7012617439
7014140481
7016098676
7017055839
7017132096
7017360855
7017705348
7019598716
7019606783
7020522699
7021414819
7021739767
7027458547
7029990596
7030076829
7030428979
7035934737
7039090010
7041380278
7042882646
7044960640
7045931123
7048307206
7049671938
7051313090
7055949216
7058551246
7059813626
7060268997
7061677940
7063128231
7063573078
7065442511
7066337986
7066532289
7067069616
7069598504
7070954917
7071455416
7073300682
7074032623
7074239773
7074502587
7078553409
7080149898
7080599632
7081899385
7082017424
7083266237
7083319787
7086307044
7087580390
7091145253
7094162588
7095327921
7098421590
7103808519
7106660307
7106859807
7111440656
7112578007
7114499742
7114894556
7117298198
7117475117
7125411740
7125659458
7126877431
7127173567
7127727939
7128278383
7129507326
7130119642
7132960525
7133586459
7134321845
7134379457
7134767716
7136048905
7136096123
7136694411
7138595447
7147106444
7147520514
7149323553
7149953852
7151686154
7154056987
7155580717
7156098449
7156939703
7161315534
7170682949
7170730556
7171928635
7172932898
7174583334
7175230719
7175898004
7176622670
7177876341
7179277002
7180583679
7181952092
7184890188
7186697812
7187642026
7189813372
7190912568
7195057237
7198439367
7208410667
7212280629
7212890596
7213128247
7217269496
7222039825
7224088249
7225304556
7225499152
7228682814
7229126943
7229601320
7232220491
7233804379
7234536603
7240581379
7242790972
7244536333
7246466585
7246550535
7248053729
7255577572
7255602480
7257993340
7258234897
7258976045
7260228524
7262001467
7262927782
7268497539
7271443180
7273874251
7275258857
7275735544
7278874002
7283069373
7287835760
7292184010
7292384288
7296332063
7300714256
7304020584
7304258858
7304270192
7305481308
7309177741
7312162489
7312193528
7312248244
7313674080
7314239041
7314829496
7315925683
7317243499
7317395040
7318625573
7320610790
7320744588
7322779642
7322983109
7326557881
7328022265
7328386983
7331377694
7331709622
7333714872
7336412655
7338482808
7340147904
7341048549
7341131177
7345853995
7350217961
7351545805
7351951627
7352095118
7360188232
7363024296
7364873759
7367118457
7369743773
7371427143
7372145506
7372428798
7374101695
7376816010
7376917576
7378075429
7379675355
7380881913
7381377867
7381730478
7381894374
7382219939
7383389978
7384504503
7384587630
7391066070
7392699711
7395130106
7395454737
7398167189
7398444360
7400938213
7404675887
7407814352
7409819409
7410196146
7411379158
7411731227
7412118970
7413989558
7415034867
7417882474
7418416181
7420137674
7421557678
7422524175
7423583198
7426129789
7427157685
7427226732
7431926216
7432000021
7436126663
7438395031
7438460770
7438974720
7439200482
7444780565
7446090838
7447548832
7449861219
7450129827
7451555234
7454460962
7455431149
7456711213
7460769362
7460839103
7462977561
7468343116
7468433741
7468827628
7469805615
7469940248
7473543262
7474193211
7475513454
7479012215
7479482661
7480007601
7480988542
7483625830
7483847867
7488320344
7489007954
7495763039
7495939763
7497038648
7497089953
7499307850
7504217163
7504299588
7504668816
7504870611
7509747284
7509896879
7514606437
7516457426
7517722723
7518104847
7523304067
7529209697
7529803990
7532685024
7534026051
7534834011
7540458353
7541431818
7541477055
7544945573
7545046306
7548514157
7549464653
7550233418
7551947062
7555182322
7557498073
7559538962
7563091066
7563581265
7564999332
7566339205
7569716629
7573147862
7573371747
7574385686
7574688469
7575415172
7575820919
7576185884
7576449675
7578166857
7578235645
7580659172
7580881506
7581625507
7582037756
7583980558
7584709798
7585503090
7587833481
7591200113
7598473625
7607242657
7609342955
7609510066
7609904365
7609943593
7611852639
7613306363
7615382774
7616418216
7616852879
7618613706
7618812073
7618849520
7619084099
7619093248
7621327442
7624733881
7625852056
7626578617
7627761846
7629278031
7630276282
7630543715
7635070501
7637467968
7638735361
7640509521
7641712298
7641755811
7642616757
7645083242
7645827976
7646032353
7649101561
7649700063
7649802688
7661477879
7661877903
7662774910
7662973238
7664547743
7670021849
7670895302
7670971509
7672817015
7675621574
7676624502
7676986322
7679840592
7679897619
7680031033
7680082703
7680552577
7686361750
7688526831
7691553139
7694372965
7694910485
7696937731
7700279250
7700987977
7701494273
7702724356
7704158402
7705302161
7707829401
7708819144
7709684667
7713528738
7715335422
7716322247
7716365241
7716789902
7720057520
7721934043
7722013367
7726443438
7729397076
7730327911
7730654526
7731095111
7731109978
7735474671
7735632299
7736656939
7736983042
7738748256
7742190567
7743839419
7745825724
7747251522
7747837882
7748176252
7748338621
7749009487
7752439364
7754943512
7755971534
7757445975
7757980144
7760495734
7760828881
7761554898
7763441019
7766623489
7770904297
7771079522
7773657046
7776033733
7780414434
7781610265
7783230294
7784869609
7787172735
7787233576
7790033472
7790572698
7791907162
7793374999
7793671339
7796564669
7796770524
7799919187
7803439022
7804422925
7804675519
7806718107
7807639838
7808125726
7810069876
7812490088
7812496464
7812632666
7812811860
7815415064
7816272571
7816532889
7822991804
7827479640
7828105687
7831587828
7835417258
7835744729
7839035693
7839242922
7842035231
7846269993
7846881827
7847151936
7847718385
7848118774
7854821535
7858246737
7863571451
7866485516
7867335335
7869271112
7869575377
7877791085
7882684408
7883050760
7883743889
7885258126
7885585686
7888305964
7888704949
7889369191
7890839918
7891848445
7892155477
7893309526
7899870918
7901849933
7905958774
7906341518
7907070832
7908019449
7908074952
7908077981
7910441367
7910858254
7911515337
7911693713
7912446718
7917360857
7918376885
7918423242
7918925268
7925988942
7932407010
7933410736
7933460533
7934378239
7934551481
7935093390
7935123490
7936546109
7938851598
7939814935
7943550342
7945162148
7945875351
7945924331
7946263884
7947531835
7948496396
7951400937
7952561812
7954078680
7956288504
7957861067
7958544412
7960283183
7961068923
7964489758
7964962086
7971213020
7973433135
7978253515
7980302562
7983196463
7986254375
7987966960
7989795950
7994390782
7996080285
7996195772
7996720937
7996991294
7999823040
8000798285
8004269026
8004974718
8006942564
8007906604
8010590954
8011932070
8015515176
8015519673
8016217304
8017846364
8018434338
8027071361
8027525500
8029427842
8029957444
8030627109
8031631592
8033122633
8035851949
8036074785
8036263413
8037121658
8042474094
8043292018
8043666884
8045688522
8049684531
8050269195
8058287101
8061140476
8061879447
8062642893
8066531847
8067199600
8068047614
8071509047
8083311781
8084570009
8087361796
8089579624
8093341616
8097383266
8097440632
8098096702
8100622269
8104246551
8107849900
8109842197
8111566721
8112575236
8115489700
8117115243
8117543429
8122987331
8123947952
8129804222
8130181135
8134105094
8134675719
8134834601
8135695326
8138434959
8138929270
8139241486
8140065890
8147018267
8148821207
8149802979
8152148073
8153704518
8154150890
8155869990
8156446363
8164820635
8164970673
8165165418
8169817779
8170836209
8172813259
8173398519
8175512509
8176083448
8178593546
8180227194
8182496599
8183549043
8188789154
8190538112
8191752057
8192753164
8195965450
8196341611
8196502556
8198613888
8199435635
8199739139
8206488504
8206642312
8207307026
8207434759
8209340283
8210396442
8213967287
8217304654
8217446681
8218956140
8220438953
8225011414
8225059447
8227527254
8230108213
8236911094
8238697706
8238770687
8240859590
8241916053
8244573539
8244643928
8247563433
8249985423
8250801950
8250808889
8252358930
8254329286
8256221513
8258474820
8259428933
8259571073
8260668742
8261610136
8263452015
8266499169
8268387906
8268720658
8269425933
8272858432
8275511632
8276040441
8277917443
8278899519
8283596655
8285835379
8286762115
8286814687
8287299707
8288215092
8288832367
8288983444
8290489532
8292806885
8297464019
8298704352
8301773780
8306362421
8307481711
8307837495
8308310807
8310924897
8317634387
8322072340
8322608990
8322894275
8326802740
8328926884
8329894149
8330433674
8333577860
8336033768
8336185199
8336291712
8337626167
8340127492
8340315446
8341508603
8342674530
8350253989
8354258395
8358072672
8360831906
8362717021
8366089398
8368544031
8368798890
8370518629
8372619749
8376375697
8377432204
8381325816
8383236496
8386666800
8386840315
8387249012
8387628501
8393703578
8395749622
8395834730
8396295092
8396482223
8398325552
8398824341
8400032051
8400830609
8401951527
8401982522
8403693398
8403931081
8405679038
8406209249
8413928803
8418873005
8419575531
8421852177
8422563490
8423106247
8425172483
8425618039
8426290996
8427133360
8429952580
8430875562
8433724677
8435994356
8436769988
8439838430
8445381828
8447567665
8448007635
8448109582
8448390998
8449270429
8449331007
8450526735
8452115695
8453756380
8454156969
8457097838
8458598814
8463484380
8463638276
8464627704
8464765659
8468791080
8469234200
8469275234
8470333180
8470988112
8473654523
8477239722
8477404092
8480717003
8481192921
8483088962
8486287206
8486583406
8489659289
8493858979
8493943383
8495211975
8496964788
8497175338
8499498092
8501839895
8502907449
8504247446
8507076980
8507163943
8508392379
8511648787
8513835817
8515058485
8519160730
8521989974
8526354354
8526728495
8527224558
8528611894
8530043401
8531184445
8531939739
8532188925
8533398853
8533604459
8534811535
8534919933
8538161229
8540024531
8540457240
8540714010
8541735253
8541965949
8546561801
8547693566
8548305588
8548872394
8549702668
8553488052
8555766569
8556634943
8566924299
8568271113
8569231919
8579404826
8581347141
8585557636
8586603055
8587426802
8587714246
8588471795
8591582919
8591913985
8592380343
8592718944
8595276564
8598441767
8600488726
8600686513
8601802661
8602076331
8603063118
8603220066
8603865278
8606625757
8609212328
8610611810
8611469126
8611532152
8616679182
8616804687
8618274498
8620038237
8620249570
8623314225
8624492316
8627743836
8630442622
8630933361
8631728770
8633910648
8634650171
8635155040
8635159226
8635780696
8636466265
8637733027
8637898065
8639838288
8639943307
8642967952
8653228710
8654593903
8655397658
8656815634
8657254804
8659336937
8662846776
8663547373
8664018012
8664538037
8664814569
8667238944
8668195924
8670299026
8671037530
8672069543
8673700654
8673819417
8675012244
8675127011
8675939089
8677042551
8680338854
8681413566
8682558918
8685524071
8689016302
8689691717
8692775666
8693715310
8694732988
8694930089
8694998274
8696830760
8698395758
8698957217
8699159643
8700380475
8701153060
8702897854
8707876789
8710819883
8714801848
8715259612
8715954150
8717792732
8725960457
8726606718
8728489773
8736239140
8737531754
8738543723
8738678562
8738720099
8739256307
8739558360
8741050320
8741170591
8743646558
8753303339
8756423396
8757512123
8757559073
8759380845
8760869276
8763570464
8763652837
8764250917
8771893852
8775281249
8776614677
8783814241
8784513483
8785120271
8787136135
8787992998
8789278196
8789741972
8790370738
8790717104
8792103723
8792615019
8794198378
8801929646
8802274945
8802280420
8806495524
8806962947
8808160196
8809161946
8809446265
8810261854
8810952117
8812672808
8815972535
8820429530
8820571540
8823773148
8825252075
8825956311
8826419378
8827230403
8828816237
8829413731
8832390743
8833585183
8834315427
8834338986
8834589698
8837327739
8838356338
8839095507
8840385327
8840645014
8845400075
8848213224
8850651565
8854682965
8856337791
8860488649
8861152158
8861207529
8865759344
8866714558
8868474487
8875536770
8877454863
8879520861
8887245203
8889289298
8896003286
8896234707
8897281955
8897588717
8899093570
8902846609
8904564009
8905329128
8905663464
8909140049
8909286118
8910193494
8911656574
8912304060
8912884533
8913162426
8914849997
8917162082
8918897705
8919334311
8923688033
8925728893
8927082695
8929480554
8930262838
8931547494
8933418236
8935222144
8935442217
8936737133
8936923199
8938961382
8944286691
8945607318
8947183238
8948811790
8952146545
8952826820
8954721472
8956273924
8957045203
8958895584
8960653757
8960903855
8961521919
8962847673
8966135711
8967239860
8967353305
8967624335
8968476357
8968738885
8969374785
8969664208
8973634362
8975725292
8976290374
8977147043
8978636528
8980083882
8981716483
8981869964
8983618361
8983907121
8983937468
8984191131
8986449334
8987789053
8991933462
8994612284
8994950754
8996780086
8996895697
8997796588
8998479787
8999512061
9000313003
9001336240
9001348800
9008471982
9009762511
9010627345
9014480882
9015373737
9015668037
9016307524
9019547023
9025674962
9025720702
9025882656
9026474501
9033043349
9036590912
9041697019
9042763041
9045232889
9047719948
9048769403
9049379446
9052152272
9052323577
9054594735
9055628625
9058157223
9058217725
9059540950
9060167237
9063214897
9065338095
9067703434
9069732306
9074456528
9074603585
9074610907
9076490083
9077798187
9078468267
9079925043
9080109151
9085158194
9086214770
9086701945
9086937665
9087584310
9088134816
9093562981
9095052419
9096291545
9102403113
9102846474
9102891512
9104855327
9104943109
9106779131
9106920970
9108226545
9111763980
9112841121
9112851692
9114420181
9117841570
9119067137
9119082097
9122040046
9123999939
9124470123
9126108683
9127222622
9129141077
9131105372
9131968153
9136196251
9136259233
9138938566
9139360369
9140007797
9140342159
9141465598
9143596783
9148152294
9149526574
9149937405
9153234293
9154591167
9155435143
9155774473
9156168824
9156871580
9163209869
9164043021
9165350795
9165732025
9166035435
9166068859
9167460038
9167635829
9168550872
9170098892
9171801887
9174857525
9175262320
9177204799
9179575786
9182362166
9182457786
9183411307
9183850964
9185867847
9185890213
9186819031
9187146283
9188177105
9188625684
9188801015
9188994649
9189530060
9190750413
9191995229
9192547181
9192672709
9195552988
9198945940
9200034378
9201818277
9201949851
9203389910
9203426932
9203570381
9207333564
9209115486
9211682069
9213684761
9214090502
9214261271
9214903551
9215388709
9220073880
9220972301
9226318200
9226379789
9228810425
9230847999
9233709298
9234194180
9238194479
9243559320
9245899274
9246245511
9251005248
9253156580
9253240090
9255110115
9255188881
9257210159
9259689424
9259765791
9260470610
9263259993
9263480988
9265415325
9270999993
9271385496
9276473409
9276859569
9281430386
9283584508
9283802058
9286721790
9288017941
9291476532
9294856257
9296020509
9297943535
9298110368
9300332578
9302498903
9306803922
9309644505
9310265174
9313185548
9313450812
9313956961
9317091740
9317305143
9317455079
9318335149
9318565727
9320414099
9321190204
9322994291
9324289600
9327240890
9328034116
9329919214
9331425112
9333894463
9334609703
9339366613
9342135670
9347272197
9350937847
9355330968
9359542401
9361844572
9362507186
9362790510
9364697228
9367661190
9367677402
9367975912
9369880824
9371977111
9372787661
9373227552
9373362172
9375514587
9375836280
9376079300
9380967706
9381912193
9382909884
9384110502
9384354314
9391302032
9393214495
9394490885
9396407687
9397832748
9398442007
9399530901
9400380138
9401672688
9402603870
9403173682
9404849604
9408380235
9410464081
9413342618
9417522529
9419569657
9422092739
9426140639
9427717074
9431512573
9431717972
9432047118
9433655025
9437097350
9437370733
9437847868
9438552446
9440161240
9441014311
9441085776
9442630126
9445559473
9446288057
9450232604
9450457033
9452152644
9453929110
9455587128
9457015846
9457590284
9460331166
9461455970
9464281870
9466085565
9466575406
9467076631
9468419442
9469834242
9472401477
9472795535
9473423119
9474037395
9475151709
9475552630
9478850834
9479917104
9481193512
9482456737
9482583688
9486163546
9488124798
9489001660
9489173455
9492727999
9493939784
9495645239
9500076911
9501904506
9502323100
9502934123
9504629375
9506677987
9507413629
9507428093
9512239004
9513786453
9514661852
9514703359
9518147711
9519833131
9520673482
9522244943
9522912276
9526499476
9530908516
9532240448
9532811330
9534633195
9535228706
9536206471
9537077577
9537517178
9538807656
9538947949
9539493749
9544887484
9547734377
9548719788
9548851088
9549480656
9551059407
9553228358
9555276824
9558771796
9560870139
9560942583
9561297528
9561624861
9566323880
9568480100
9574121422
9575520527
9580882027
9582979105
9583850935
9586675006
9586713763
9588218854
9589624110
9592112367
9594346599
9595479256
9597792285
9602785068
9603499020
9604865314
9605430386
9605854348
9607348208
9608584551
9610463487
9611080757
9613473233
9613489323
9614527905
9614634140
9615629859
9619475049
9620188491
9620415169
9623334541
9623768192
9624042584
9624808137
9625317027
9625682408
9627201814
9629193081
9629305564
9629478374
9631991832
9633856496
9634357259
9637466524
9637730714
9639041509
9640476770
9642489181
9643098111
9643645834
9644753030
9645121179
9645307973
9651128073
9652033244
9653008876
9653579478
9654877615
9655317335
9657012881
9657539052
9657666552
9659284216
9659703071
9662697206
9662790284
9668513866
9670194946
9670442797
9670916669
9671228122
9672245489
9673659898
9674566247
9676647318
9677729760
9683790726
9688442127
9690793660
9690839639
9690860231
9690884725
9691526936
9692936869
9695270111
9697648211
9698964084
9700961409
9701080987
9701795656
9703802131
9710862017
9711728694
9712590068
9712858914
9717928824
9718167187
9721830295
9722471674
9725866156
9727192789
9727425406
9728470458
9728715444
9729241623
9729434913
9730321067
9732116917
9735186261
9736378506
9737019079
9739405843
9741016576
9741405371
9742781740
9745915767
9748811704
9748869458
9749262305
9749509707
9749839261
9750906039
9753352877
9754218104
9754276091
9754608429
9756754449
9758627979
9759737820
9760457901
9762106870
9771113057
9772254289
9773757631
9774338895
9774948356
9774965877
9775997737
9777219218
9779023247
9781291980
9783003926
9783981990
9784132770
9786632792
9789641505
9795148205
9796327246
9797265487
9797636714
9802642826
9804880065
9806231915
9807192444
9808824971
9810378487
9811558858
9813557768
9818355063
9820823852
9822476637
9822567122
9826214837
9832024272
9832114698
9832816327
9834123033
9834614438
9837475193
9842781332
9844726234
9846070076
9847990709
9848432600
9849028599
9849161593
9853025260
9854540353
9857227476
9858306099
9858499591
9858911313
9859571902
9861716297
9861859722
9865402317
9870054472
9870740993
9875041375
9875199219
9877317951
9878094237
9878985346
9882987163
9887035149
9889709687
9891978050
9893426653
9897226563
9897394958
9897613777
9898625881
9900488568
9900614889
9904726288
9912181107
9912332084
9912667093
9917556242
9917689440
9918979790
9919254535
9919520730
9921152242
9925443750
9925506286
9928743290
9930454010
9931027319
9931676730
9931854488
9934082153
9934986640
9938656371
9939058080
9939212536
9939524817
9939562857
9940305055
9941587233
9943731673
9945222395
9947200519
9950267579
9951734448
9953871749
9954658538
9958056353
9958480190
9959680087
9960089567
9960230485
9961721505
9964509437
9965165542
9965227458
9967668852
9968671903
9968866835
9971538579
9974374578
9977909777
9978455737
9979509091
9984941200
9989070471
9989810907
9992177127
